
0.14300990104675293
0.21245789527893066
0.28334712982177734
0.2270190715789795
0.21815085411071777
0.07890892028808594
0.2826042175292969
0.2333979606628418
0.14935994148254395
0.1295948028564453
0.12663507461547852
0.05751395225524902
0.09960293769836426
0.06645703315734863
0.02850818634033203
0.019909143447875977
0.01446080207824707
0.012646913528442383
0.012676239013671875
0.010262012481689453
0.21792006492614746
0.29332399368286133
0.23641324043273926
0.1856520175933838
0.0804591178894043
0.07577896118164062
0.06508493423461914
0.07086896896362305
0.039083003997802734
0.03324699401855469
0.016754150390625
0.004965782165527344
0.005231142044067383
0.0051288604736328125
0.0046427249908447266
0.0046710968017578125
0.004911184310913086
0.005194902420043945
0.3360099792480469
0.2280712127685547
0.10716128349304199
0.14774703979492188
0.11760687828063965
0.061942100524902344
0.018021106719970703
0.015652894973754883
0.03622293472290039
0.029835939407348633
0.012957096099853516
0.014667034149169922
0.021889209747314453
0.5689237117767334
0.6073582172393799
0.6740200519561768
0.5785651206970215
0.40788888931274414
0.34203577041625977
0.34734606742858887
0.2732248306274414
0.1320650577545166
0.0004951953887939453
1.2357518672943115
1.225895881652832
0.6980330944061279
0.35141992568969727
0.4611997604370117
0.5397610664367676
0.6203000545501709
0.49845290184020996
0.6233258247375488
0.6202957630157471
0.44856810569763184