Time
22.867842197418213
0.0002510547637939453
0.0007791519165039062
0.00023603439331054688
1.4048278331756592
1.0462489128112793
0.5987482070922852
0.4238309860229492
0.6394119262695312
0.528670072555542
0.6159868240356445
0.5794150829315186
0.6734988689422607
0.9542567729949951
0.689093828201294
0.4023020267486572

3.981590270996094e-05
6.604194641113281e-05
4.8160552978515625e-05
2.09808349609375e-05
4.1961669921875e-05
1.8835067749023438e-05
2.193450927734375e-05
4.00543212890625e-05
5.030632019042969e-05
5.698204040527344e-05
4.76837158203125e-05
4.982948303222656e-05
4.482269287109375e-05
4.601478576660156e-05
5.602836608886719e-05
4.38690185546875e-05
4.315376281738281e-05
3.600120544433594e-05
5.91278076171875e-05
3.504753112792969e-05
5.793571472167969e-05
26.235202074050903
0.0003561973571777344
0.0005228519439697266
0.0002942085266113281
1.2069640159606934
1.3472568988800049
0.5094037055969238
0.7693448066711426
0.910088062286377
1.0383391380310059
0.4870309829711914
0.33013343811035156
0.5632190704345703
0.800839900970459
0.34404897689819336
2.9325485229492188e-05
5.4836273193359375e-05
4.410743713378906e-05
4.124641418457031e-05
4.00543212890625e-05
4.982948303222656e-05
3.4809112548828125e-05
5.626678466796875e-05
6.198883056640625e-05
5.412101745605469e-05
5.626678466796875e-05
3.695487976074219e-05
26.230830907821655
0.00024700164794921875
0.00021886825561523438
0.0002791881561279297
11.951823234558105
1.054291009902954
0.0002532005310058594