Time
6.404646873474121
1.8235490322113037
1.2752480506896973
1.4713001251220703
0.936366081237793
1.492555856704712
1.7524399757385254
1.5245046615600586

9.859994888305664
0.00047087669372558594
1.0543527603149414
0.6638791561126709
0.6498160362243652
0.26201915740966797
0.41177797317504883
0.24420905113220215
6.888279914855957
0.00021409988403320312
2.0758728981018066
1.2166111469268799
0.5189900398254395
0.5761678218841553
9.838773012161255
0.0001709461212158203
0.9044358730316162
0.43729591369628906
0.2882058620452881
1.1868882179260254
0.28526782989501953
0.5770940780639648
0.8957407474517822
12.16609501838684
0.00023603439331054688
0.9641468524932861
0.6287140846252441
0.5483450889587402
3.409385681152344e-05
6.604194641113281e-05
1.7881393432617188e-05
3.600120544433594e-05
7.981878757476807
0.0002009868621826172
1.6406011581420898
0.8028481006622314
1.6758770942687988