Time
6.881319046020508
1.9863851070404053
1.8734819889068604
2.3070380687713623
1.7784068584442139
2.034924030303955
1.7468750476837158
0.9403839111328125
1.3850080966949463
1.7361369132995605
1.1141140460968018
1.6350948810577393
0.9618852138519287
0.8364980220794678
0.6334688663482666
0.8777410984039307
0.7919478416442871
0.8281378746032715
0.5843410491943359
0.7424778938293457
0.5311172008514404
0.7017600536346436
0.5889339447021484
0.32588696479797363
0.30840182304382324
0.4474489688873291
0.7387261390686035
0.5316190719604492
0.3967270851135254
0.4992640018463135
0.27457404136657715
0.4312758445739746
0.441439151763916
0.5830481052398682
0.3142869472503662
0.48384809494018555
0.7624650001525879
0.306718111038208
0.28313779830932617
0.324495792388916
0.5393269062042236
0.39603424072265625
0.4396233558654785
0.21614503860473633
0.26537513732910156
0.14119720458984375
0.2795400619506836
0.3667898178100586
0.47450900077819824
0.3866910934448242
0.2905421257019043
0.2193760871887207
0.25005483627319336
0.2131648063659668
