Time
20.880656957626343
0.00017833709716796875
0.000179290771484375
0.00018095970153808594
0.4016602039337158
0.28232908248901367
0.7422928810119629
0.8928020000457764
0.6709272861480713
0.46280503273010254
0.66249680519104
0.44762110710144043
0.44109606742858887
0.5092947483062744
0.5109162330627441
0.6103260517120361
0.5519471168518066
0.5061280727386475
0.3796710968017578
0.28258585929870605
0.39197397232055664
0.4952208995819092
0.4980001449584961
0.5000381469726562
0.21488595008850098
0.35643911361694336
0.3150150775909424
0.4106788635253906
0.5100739002227783
0.43602919578552246
0.1720719337463379
0.38515615463256836
0.20556378364562988
0.22060012817382812
0.3029048442840576
